.Random.seed <-
c(403L, 10L, 1490682673L, 1478382435L, -1563481806L, 1982601860L, 
-1085114681L, -664420963L, 412899604L, 826193850L, 684089861L, 
307229663L, 1066732134L, 889177584L, 594445075L, 716942513L, 
-1906806944L, -91001602L, 579579017L, -796456005L, -1946475126L, 
812049516L, -1793360401L, -1640401371L, -2056760612L, 1821853874L, 
-110031955L, -1468510361L, 759307406L, 1415043432L, 871647595L, 
-910652663L, 707485080L, -119124794L, -1325509087L, -1202309453L, 
1170234402L, 77784596L, 1359043223L, -1517644659L, -1551099484L, 
-168524918L, -411308043L, 1350360655L, -438638250L, 223187968L, 
-853697213L, -1354575647L, 861186640L, 1940018862L, 629482073L, 
329615979L, 977829850L, -950943588L, -1654164833L, -940007179L, 
946530700L, 996607074L, -1530805187L, 297297591L, 662488414L, 
-1076196200L, 1345296379L, -800350823L, 372121128L, 1717675734L, 
428471121L, -1526835709L, -1036445294L, -1784731868L, 393038311L, 
1694705213L, 298438836L, 408143642L, -1775276955L, 418899199L, 
-1945664122L, 552614672L, 250560435L, 177865809L, -1313708032L, 
-1263093538L, 1584739113L, 605859547L, 1734786538L, -1525922420L, 
458201807L, 429565573L, 479413564L, -1490171886L, 616785677L, 
88654919L, -725457362L, 314560392L, -1329608053L, 1697356905L, 
-941244360L, 773753062L, 1558098049L, 50432019L, -620945470L, 
-1516885900L, 1260322423L, 1466539885L, 1681039364L, 1158126378L, 
-1523564395L, -1478082769L, 1316505142L, 1985176160L, 1012211875L, 
1481585601L, 1197162416L, 1320553166L, 615315513L, 95075915L, 
-1256160262L, 1898655484L, -1190567105L, -197989355L, 2033960748L, 
1064528898L, 592842461L, -1488953897L, -204932930L, -1177818376L, 
1235742939L, 817541945L, 1401812616L, 615088694L, 403987057L, 
-56762205L, 2099489266L, 1557891396L, -1042243065L, 1739042781L, 
431962324L, -396326918L, 317554501L, 1327950751L, 816177446L, 
-695021136L, -842560941L, 2114286961L, -2074258272L, -1697418178L, 
-939852983L, -629528069L, 1362169290L, -211254484L, 2088250159L, 
522056165L, 1603501212L, -524019470L, 452235629L, -908009817L, 
121704654L, 1292009000L, -1454701013L, -1493513143L, -1853010600L, 
2022339590L, 1348810209L, 714710899L, 1307016162L, -1952869548L, 
-763347369L, -1028413875L, 773593572L, -240208950L, -71944651L, 
1493343375L, -1202227818L, -913635008L, 920912899L, 1555887649L, 
-1479909104L, -422031634L, 1837085337L, -1561949397L, 1908151834L, 
1308638428L, -754028321L, 413015733L, 2027247692L, -871160670L, 
-195398659L, 1753264375L, 453957150L, 2012702936L, -997450693L, 
-638802471L, -995753112L, 675016342L, 637732881L, 759310787L, 
285562322L, -987816860L, -1102058585L, 919995645L, -840670988L, 
650090458L, 557533989L, -275375553L, -632299066L, 472831568L, 
-1050318221L, -111391087L, -1134963008L, 1195835550L, -1353241495L, 
-598951781L, -1565263446L, -1091935796L, 1087229071L, -787741499L, 
334087292L, -763283246L, 837064781L, 1494388999L, -383359762L, 
657378760L, 1385247435L, -1276904663L, -1445160072L, 709550246L, 
232872641L, 1087834963L, 1956755458L, -123845316L, 1508017266L, 
2125630576L, 1347736612L, 1501646904L, -2014125286L, -1692506928L, 
1711690556L, -1855905900L, 1976375170L, -1956958784L, 567161404L, 
-1073546864L, 31625762L, 711413000L, -1875369332L, -1760000228L, 
-363878254L, 888088960L, 1191799316L, 1360716584L, -68100550L, 
876925392L, 1139144044L, 1881009076L, -1588786158L, -1547544096L, 
378510284L, -1345369888L, -234733534L, -281866968L, -1916883444L, 
2005744444L, -379337742L, -1507696912L, 262808132L, -2075873704L, 
-269597894L, 1944625648L, -443945284L, 2118216980L, 1988179650L, 
981284960L, 1763596156L, 258603984L, -546886366L, -800192856L, 
2075417484L, -1711756100L, 585353010L, -1210926528L, -1714409292L, 
856201800L, -1296380486L, -1838165488L, 1716090604L, 1364821332L, 
1874212114L, -2128008800L, -1471449396L, -1966563744L, -588264510L, 
-2123338968L, 252308396L, -1049723076L, -1952088718L, 597045040L, 
-202918620L, -1315761352L, 161009370L, -1001038960L, 1307085564L, 
956289940L, 655351874L, 60379392L, 2098224188L, -285452976L, 
1963282594L, 912295240L, -578577652L, -1857234212L, 69902674L, 
-403478400L, -2082050988L, -180595736L, 1955622138L, -303009968L, 
-2003519700L, -537600652L, 1877262226L, 670510176L, 559105420L, 
1221051232L, 483124706L, 647304104L, 1457297612L, -1682631684L, 
872018354L, 221396464L, -1365106748L, -985478824L, 383847802L, 
-2031798352L, 723066300L, 1038455892L, -2019883070L, -832083936L, 
1603305660L, -497007024L, 1591637986L, -1195386776L, 1275238476L, 
-1792039684L, 2055821298L, 544324864L, 255792500L, 415252488L, 
-1352903750L, -148302384L, 1179422700L, -1057741420L, -1487150638L, 
268867936L, -1021830324L, -1071779552L, 1400997762L, -1504379160L, 
666609900L, -846231492L, -1945878670L, -11678096L, 1568422948L, 
1409945400L, 1305574554L, -576765232L, -558657348L, -1113850220L, 
1941925506L, -1100857152L, -1283922116L, 588378256L, 1774370338L, 
1727130632L, -2053952244L, 2058534044L, -773721582L, -1713679488L, 
-1274763756L, -238731736L, 732413242L, -1116852784L, -1054230420L, 
-554465996L, -58144110L, -1076199584L, 1211518796L, 1928468448L, 
-394638430L, 591084456L, 1183771020L, -1974358852L, 1683145074L, 
-565274384L, -2086234044L, 1385375064L, -1409217990L, -749105296L, 
-1834333124L, 692646676L, 1465546178L, 185040608L, -1347130500L, 
-719977776L, 816979106L, 1251975208L, -111396596L, -612664388L, 
-338727630L, -169795136L, 308140596L, 1758818248L, 1269263546L, 
-536350320L, -1409445396L, 603514452L, 1864184978L, -1622719712L, 
1443766732L, 1005397472L, -1097804094L, 1043675176L, 494831276L, 
-401420100L, 1599790578L, -560009936L, -696703836L, 356149944L, 
1298012506L, 1740958096L, 492820348L, -1364080364L, -95322302L, 
890752768L, 679588796L, 1725973328L, -1687228638L, 858125640L, 
2104225292L, 2062936156L, -585715502L, 1417027072L, -222305964L, 
-1588408856L, -1506530310L, -884835120L, -840034004L, -1705363724L, 
551198098L, 1245999200L, 1898050828L, -481301792L, -1944515230L, 
1074799272L, 550136396L, -1374751364L, 131705138L, -1426129808L, 
-1256752308L, -848782563L, 1525787303L, -792043056L, 2031192430L, 
380056603L, -1007772291L, -799253654L, -2142806520L, -2108239183L, 
-1247421149L, -1383862748L, -1142471470L, -2042837721L, 1776226161L, 
1364643254L, -878283436L, 440054757L, 1944956399L, -601000664L, 
595592582L, 681042355L, 548896021L, -918478990L, 746580928L, 
212991017L, -1408612197L, -1844243092L, -626176646L, 1416347311L, 
-284465735L, 666503118L, 546907932L, 750999181L, -1005742345L, 
-1009772032L, -1039768482L, 119727915L, 269026349L, 1786401946L, 
265197656L, -1702768703L, 390258803L, -499312236L, 1211308066L, 
1663192887L, -1247899135L, -1769977082L, -1862363324L, -1125455243L, 
-113849377L, 948670264L, 1385601302L, 513803555L, -96225563L, 
-287076606L, 881075568L, -2063493863L, -175706869L, 1395387900L, 
-1990375894L, 1453624927L, -682480151L, -1412813058L, -954421524L, 
1120165437L, 923545095L, 2021048816L, -911146610L, -1872607301L, 
-1930415715L, -402280630L, 958878568L, -2014362287L, 2119697987L, 
-1197692092L, -1144768526L, -775498297L, 894335889L, 1793536790L, 
-740587660L, -1111648763L, -421880241L, 1545402952L, -1214764058L, 
-2109602541L, -443655563L, 2071226450L, -962934112L, -86059127L, 
361309115L, -1648352244L, 269468058L, -2037890801L, 567095129L, 
-697949714L, -1281078148L, -1112295187L, 1308618647L, 1565333600L, 
-770147778L, -842372341L, -642944627L, -1933575494L, 1578004728L, 
1035824801L, -383252909L, -1221428876L, -699760894L, -472000617L, 
-2048894623L, -1793400410L, -437128284L, -1605202347L, 376352511L, 
-1462611048L, 1494877366L, 1615876419L, -405010299L, -77663966L, 
-754236912L, 488163769L, 1660447339L, 563840348L, -1363577718L, 
-256140161L, -1103972919L, -127349154L, -1277932276L, 146594013L, 
-1386547737L, -1572016624L, 1326621486L, -1957877797L, -1740015427L, 
1078620714L, -768745784L, -26260495L, -1194042013L, 1451906404L, 
1808636050L, -2130481817L, 488634161L, 752692342L, 1274385812L, 
